time	V(vi)	V(vo)
0.000000000000000e+00	0.000000e+00	0.000000e+00
9.765625114122045e-11	4.601942e-07	1.473294e-09
1.953125022824409e-10	9.203885e-07	3.429329e-09
3.906250045648818e-10	1.840777e-06	8.305864e-09
7.812500091297636e-10	3.681554e-06	2.383357e-08
1.562500018259527e-09	7.363108e-06	7.786632e-08
3.125000036519054e-09	1.472622e-05	2.768811e-07
6.250000073038109e-09	2.945243e-05	1.031170e-06
1.250000014607622e-08	5.890486e-05	3.906689e-06
2.500000029215244e-08	1.178097e-04	1.469379e-05
5.000000058430487e-08	2.356194e-04	5.342017e-05
8.767790176809624e-08	4.131724e-04	1.452730e-04
1.286660282062954e-07	6.063243e-04	2.775904e-04
1.923631091551004e-07	9.064898e-04	5.229452e-04
2.750352797740133e-07	1.296073e-03	8.802278e-04
4.068081603819017e-07	1.917038e-03	1.484508e-03
6.015213963167561e-07	2.834603e-03	2.398574e-03
9.679346905253118e-07	4.561285e-03	4.125323e-03
1.700761278942423e-06	8.014647e-03	7.578555e-03
3.166414455776646e-06	1.492137e-02	1.448513e-02
6.097720809445091e-06	2.873476e-02	2.829814e-02
1.196033351678198e-05	5.636121e-02	5.592386e-02
2.172595851678198e-05	1.023780e-01	1.019391e-01
3.149158351678199e-05	1.483909e-01	1.479502e-01
4.125720851678199e-05	1.943982e-01	1.939548e-01
5.102283351678199e-05	2.403983e-01	2.399511e-01
6.078845851678199e-05	2.863892e-01	2.859369e-01
7.055408351678199e-05	3.323694e-01	3.319099e-01
8.031970851678199e-05	3.783371e-01	3.778678e-01
9.008533351678198e-05	4.242905e-01	4.238082e-01
9.985095851678198e-05	4.702279e-01	4.697288e-01
1.096165835167820e-04	5.161477e-01	5.156280e-01
1.193822085167820e-04	5.620480e-01	5.615043e-01
1.291478335167820e-04	6.079271e-01	6.073573e-01
1.389134585167820e-04	6.537834e-01	6.531870e-01
1.486790835167820e-04	6.996151e-01	6.989939e-01
1.584447085167820e-04	7.454204e-01	7.447779e-01
1.682103335167820e-04	7.911976e-01	7.905385e-01
1.779759585167820e-04	8.369451e-01	8.362742e-01
1.877415835167820e-04	8.826610e-01	8.819830e-01
1.975072085167820e-04	9.283437e-01	9.276624e-01
2.072728335167820e-04	9.739915e-01	9.733099e-01
2.170384585167820e-04	1.019603e+00	1.018923e+00
2.268040835167821e-04	1.065175e+00	1.064499e+00
2.365697085167821e-04	1.110708e+00	1.110036e+00
2.463353335167820e-04	1.156199e+00	1.155533e+00
2.561009585167820e-04	1.201646e+00	1.200986e+00
2.658665835167821e-04	1.247048e+00	1.246394e+00
2.756322085167821e-04	1.292403e+00	1.291755e+00
2.853978335167821e-04	1.337709e+00	1.337067e+00
2.951634585167821e-04	1.382965e+00	1.382329e+00
3.049290835167821e-04	1.428169e+00	1.427539e+00
3.146947085167821e-04	1.473320e+00	1.472696e+00
3.244603335167821e-04	1.518414e+00	1.517796e+00
3.342259585167821e-04	1.563452e+00	1.562839e+00
3.439915835167821e-04	1.608431e+00	1.607824e+00
3.537572085167821e-04	1.653349e+00	1.652747e+00
3.635228335167821e-04	1.698205e+00	1.697608e+00
3.732884585167822e-04	1.742997e+00	1.742406e+00
3.830540835167822e-04	1.787723e+00	1.787137e+00
3.928197085167822e-04	1.832382e+00	1.831801e+00
4.025853335167822e-04	1.876972e+00	1.876396e+00
4.123509585167822e-04	1.921491e+00	1.920920e+00
4.221165835167822e-04	1.965938e+00	1.965372e+00
4.318822085167822e-04	2.010311e+00	2.009749e+00
4.416478335167822e-04	2.054609e+00	2.054051e+00
4.514134585167822e-04	2.098829e+00	2.098275e+00
4.611790835167822e-04	2.142970e+00	2.142421e+00
4.709447085167822e-04	2.187030e+00	2.186485e+00
4.807103335167822e-04	2.231008e+00	2.230467e+00
4.904759585167822e-04	2.274902e+00	2.274365e+00
5.002415835167822e-04	2.318710e+00	2.318178e+00
5.100072085167822e-04	2.362431e+00	2.361903e+00
5.197728335167822e-04	2.406063e+00	2.405539e+00
5.295384585167822e-04	2.449605e+00	2.449084e+00
5.393040835167822e-04	2.493054e+00	2.492537e+00
5.490697085167823e-04	2.536409e+00	2.535896e+00
5.588353335167823e-04	2.579669e+00	2.579159e+00
5.686009585167823e-04	2.622832e+00	2.622326e+00
5.783665835167823e-04	2.665896e+00	2.665393e+00
5.881322085167823e-04	2.708859e+00	2.708360e+00
5.978978335167823e-04	2.751721e+00	2.751225e+00
6.076634585167823e-04	2.794479e+00	2.793986e+00
6.174290835167823e-04	2.837132e+00	2.836642e+00
6.271947085167823e-04	2.879678e+00	2.879191e+00
6.369603335167823e-04	2.922116e+00	2.921631e+00
6.467259585167823e-04	2.964443e+00	2.963961e+00
6.564915835167824e-04	3.006659e+00	3.006180e+00
6.662572085167824e-04	3.048762e+00	3.048284e+00
6.760228335167824e-04	3.090750e+00	3.090274e+00
6.857884585167824e-04	3.132622e+00	3.132146e+00
6.955540835167824e-04	3.174375e+00	3.173900e+00
7.053197085167824e-04	3.216009e+00	3.215534e+00
7.150853335167824e-04	3.257523e+00	3.257046e+00
7.248509585167824e-04	3.298913e+00	3.298434e+00
7.346165835167824e-04	3.340179e+00	3.339696e+00
7.443822085167824e-04	3.381320e+00	3.380830e+00
7.541478335167824e-04	3.422333e+00	3.421835e+00
7.639134585167824e-04	3.463217e+00	3.462708e+00
7.736790835167825e-04	3.503971e+00	3.503447e+00
7.834447085167825e-04	3.544593e+00	3.544050e+00
7.932103335167825e-04	3.585082e+00	3.584514e+00
8.029759585167825e-04	3.625435e+00	3.624836e+00
8.127415835167825e-04	3.665653e+00	3.665014e+00
8.225072085167825e-04	3.705732e+00	3.705044e+00
8.322728335167825e-04	3.745671e+00	3.744924e+00
8.420384585167825e-04	3.785470e+00	3.784649e+00
8.518040835167825e-04	3.825126e+00	3.824215e+00
8.615697085167825e-04	3.864638e+00	3.863619e+00
8.713353335167825e-04	3.904004e+00	3.902856e+00
8.811009585167826e-04	3.943224e+00	3.941920e+00
8.908665835167826e-04	3.982295e+00	3.980807e+00
9.006322085167826e-04	4.021216e+00	4.019509e+00
9.103978335167826e-04	4.059986e+00	4.058021e+00
9.201634585167826e-04	4.098603e+00	4.096333e+00
9.299290835167826e-04	4.137065e+00	4.134436e+00
9.396947085167826e-04	4.175372e+00	4.172321e+00
9.494603335167826e-04	4.213522e+00	4.209976e+00
9.592259585167826e-04	4.251513e+00	4.247387e+00
9.689915835167826e-04	4.289344e+00	4.284540e+00
9.787572085167826e-04	4.327013e+00	4.321419e+00
9.885228335167826e-04	4.364520e+00	4.358005e+00
9.982884585167827e-04	4.401862e+00	4.394276e+00
1.008054083516783e-03	4.439038e+00	4.430211e+00
1.017819708516783e-03	4.476048e+00	4.465783e+00
1.027585333516783e-03	4.512888e+00	4.500965e+00
1.037350958516783e-03	4.549559e+00	4.535728e+00
1.047116583516783e-03	4.586059e+00	4.570037e+00
1.056882208516783e-03	4.622386e+00	4.603859e+00
1.066647833516783e-03	4.658539e+00	4.637157e+00
1.076413458516783e-03	4.694516e+00	4.669894e+00
1.086179083516783e-03	4.730317e+00	4.702031e+00
1.095944708516783e-03	4.765940e+00	4.733528e+00
1.105710333516783e-03	4.801383e+00	4.764346e+00
1.115475958516783e-03	4.836646e+00	4.794449e+00
1.125241583516783e-03	4.871726e+00	4.823802e+00
1.135007208516783e-03	4.906623e+00	4.852372e+00
1.144772833516783e-03	4.941335e+00	4.880132e+00
1.154538458516783e-03	4.975862e+00	4.907058e+00
1.164304083516783e-03	5.010201e+00	4.933131e+00
1.174069708516783e-03	5.044351e+00	4.958339e+00
1.183835333516783e-03	5.078311e+00	4.982675e+00
1.193600958516783e-03	5.112080e+00	5.006137e+00
1.203366583516783e-03	5.145657e+00	5.028729e+00
1.213132208516783e-03	5.179039e+00	5.050460e+00
1.222897833516783e-03	5.212227e+00	5.071344e+00
1.232663458516783e-03	5.245219e+00	5.091399e+00
1.242429083516783e-03	5.278013e+00	5.110645e+00
1.252194708516783e-03	5.310609e+00	5.129107e+00
1.261960333516783e-03	5.343005e+00	5.146812e+00
1.271725958516783e-03	5.375199e+00	5.163786e+00
1.281491583516783e-03	5.407191e+00	5.180058e+00
1.291257208516783e-03	5.438980e+00	5.195658e+00
1.301022833516783e-03	5.470563e+00	5.210615e+00
1.310788458516783e-03	5.501941e+00	5.224959e+00
1.320554083516783e-03	5.533112e+00	5.238718e+00
1.330319708516783e-03	5.564074e+00	5.251920e+00
1.340085333516783e-03	5.594826e+00	5.264594e+00
1.349850958516783e-03	5.625369e+00	5.276764e+00
1.359616583516783e-03	5.655699e+00	5.288456e+00
1.369382208516783e-03	5.685816e+00	5.299695e+00
1.379147833516783e-03	5.715720e+00	5.310504e+00
1.388913458516783e-03	5.745408e+00	5.320904e+00
1.398679083516783e-03	5.774879e+00	5.330915e+00
1.408444708516783e-03	5.804134e+00	5.340559e+00
1.418210333516783e-03	5.833170e+00	5.349853e+00
1.427975958516783e-03	5.861986e+00	5.358814e+00
1.437741583516783e-03	5.890582e+00	5.367459e+00
1.447507208516783e-03	5.918955e+00	5.375804e+00
1.457272833516783e-03	5.947106e+00	5.383863e+00
1.467038458516783e-03	5.975033e+00	5.391649e+00
1.476804083516783e-03	6.002736e+00	5.399177e+00
1.486569708516783e-03	6.030211e+00	5.406457e+00
1.496335333516783e-03	6.057461e+00	5.413502e+00
1.506100958516783e-03	6.084482e+00	5.420321e+00
1.515866583516783e-03	6.111274e+00	5.426926e+00
1.525632208516783e-03	6.137836e+00	5.433325e+00
1.535397833516783e-03	6.164166e+00	5.439528e+00
1.545163458516783e-03	6.190265e+00	5.445543e+00
1.554929083516783e-03	6.216130e+00	5.451378e+00
1.564694708516783e-03	6.241762e+00	5.457040e+00
1.574460333516783e-03	6.267159e+00	5.462536e+00
1.584225958516783e-03	6.292319e+00	5.467874e+00
1.593991583516783e-03	6.317243e+00	5.473058e+00
1.603757208516783e-03	6.341929e+00	5.478096e+00
1.613522833516783e-03	6.366376e+00	5.482992e+00
1.623288458516783e-03	6.390584e+00	5.487752e+00
1.633054083516783e-03	6.414550e+00	5.492382e+00
1.642819708516783e-03	6.438275e+00	5.496884e+00
1.652585333516783e-03	6.461759e+00	5.501265e+00
1.662350958516783e-03	6.484998e+00	5.505527e+00
1.672116583516783e-03	6.507994e+00	5.509676e+00
1.681882208516783e-03	6.530744e+00	5.513715e+00
1.691647833516783e-03	6.553248e+00	5.517647e+00
1.701413458516783e-03	6.575506e+00	5.521476e+00
1.711179083516783e-03	6.597517e+00	5.525205e+00
1.720944708516783e-03	6.619278e+00	5.528836e+00
1.730710333516783e-03	6.640791e+00	5.532373e+00
1.740475958516783e-03	6.662054e+00	5.535819e+00
1.750241583516783e-03	6.683066e+00	5.539176e+00
1.760007208516783e-03	6.703826e+00	5.542445e+00
1.769772833516783e-03	6.724334e+00	5.545631e+00
1.779538458516783e-03	6.744588e+00	5.548734e+00
1.789304083516783e-03	6.764589e+00	5.551757e+00
1.799069708516783e-03	6.784335e+00	5.554703e+00
1.808835333516783e-03	6.803826e+00	5.557572e+00
1.818600958516783e-03	6.823060e+00	5.560367e+00
1.828366583516783e-03	6.842038e+00	5.563088e+00
1.838132208516783e-03	6.860758e+00	5.565739e+00
1.847897833516783e-03	6.879220e+00	5.568321e+00
1.857663458516783e-03	6.897422e+00	5.570834e+00
1.867429083516783e-03	6.915365e+00	5.573281e+00
1.877194708516783e-03	6.933048e+00	5.575664e+00
1.886960333516783e-03	6.950469e+00	5.577982e+00
1.896725958516783e-03	6.967629e+00	5.580238e+00
1.906491583516783e-03	6.984527e+00	5.582433e+00
1.916257208516783e-03	7.001162e+00	5.584568e+00
1.926022833516783e-03	7.017532e+00	5.586644e+00
1.935788458516783e-03	7.033639e+00	5.588662e+00
1.945554083516783e-03	7.049481e+00	5.590625e+00
1.955319708516784e-03	7.065058e+00	5.592532e+00
1.965085333516783e-03	7.080369e+00	5.594385e+00
1.974850958516783e-03	7.095413e+00	5.596184e+00
1.984616583516783e-03	7.110189e+00	5.597932e+00
1.994382208516783e-03	7.124699e+00	5.599629e+00
2.004147833516782e-03	7.138940e+00	5.601275e+00
2.013913458516782e-03	7.152912e+00	5.602873e+00
2.023679083516782e-03	7.166615e+00	5.604423e+00
2.033444708516782e-03	7.180048e+00	5.605925e+00
2.043210333516782e-03	7.193211e+00	5.607382e+00
2.052975958516781e-03	7.206102e+00	5.608793e+00
2.062741583516781e-03	7.218723e+00	5.610160e+00
2.072507208516781e-03	7.231072e+00	5.611484e+00
2.082272833516781e-03	7.243149e+00	5.612764e+00
2.092038458516781e-03	7.254952e+00	5.614004e+00
2.101804083516780e-03	7.266483e+00	5.615202e+00
2.111569708516780e-03	7.277740e+00	5.616361e+00
2.121335333516780e-03	7.288723e+00	5.617481e+00
2.131100958516780e-03	7.299432e+00	5.618562e+00
2.140866583516780e-03	7.309866e+00	5.619605e+00
2.150632208516779e-03	7.320025e+00	5.620612e+00
2.160397833516779e-03	7.329908e+00	5.621583e+00
2.170163458516779e-03	7.339515e+00	5.622518e+00
2.179929083516779e-03	7.348846e+00	5.623418e+00
2.189694708516779e-03	7.357900e+00	5.624285e+00
2.199460333516778e-03	7.366677e+00	5.625118e+00
2.209225958516778e-03	7.375177e+00	5.625918e+00
2.218991583516778e-03	7.383399e+00	5.626687e+00
2.228757208516778e-03	7.391344e+00	5.627423e+00
2.238522833516777e-03	7.399009e+00	5.628129e+00
2.248288458516777e-03	7.406396e+00	5.628804e+00
2.258054083516777e-03	7.413505e+00	5.629449e+00
2.267819708516777e-03	7.420334e+00	5.630065e+00
2.277585333516777e-03	7.426884e+00	5.630652e+00
2.287350958516776e-03	7.433155e+00	5.631211e+00
2.297116583516776e-03	7.439145e+00	5.631742e+00
2.306882208516776e-03	7.444855e+00	5.632245e+00
2.316647833516776e-03	7.450285e+00	5.632720e+00
2.326413458516776e-03	7.455435e+00	5.633169e+00
2.336179083516775e-03	7.460304e+00	5.633591e+00
2.345944708516775e-03	7.464892e+00	5.633987e+00
2.355710333516775e-03	7.469199e+00	5.634358e+00
2.365475958516775e-03	7.473225e+00	5.634703e+00
2.375241583516775e-03	7.476969e+00	5.635022e+00
2.385007208516774e-03	7.480432e+00	5.635316e+00
2.394772833516774e-03	7.483613e+00	5.635586e+00
2.404538458516774e-03	7.486513e+00	5.635831e+00
2.414304083516774e-03	7.489130e+00	5.636052e+00
2.424069708516774e-03	7.491466e+00	5.636248e+00
2.433835333516773e-03	7.493520e+00	5.636420e+00
2.443600958516773e-03	7.495291e+00	5.636569e+00
2.453366583516773e-03	7.496781e+00	5.636693e+00
2.463132208516773e-03	7.497988e+00	5.636794e+00
2.472897833516772e-03	7.498913e+00	5.636871e+00
2.482663458516772e-03	7.499555e+00	5.636925e+00
2.492429083516772e-03	7.499915e+00	5.636955e+00
2.502194708516772e-03	7.499993e+00	5.636961e+00
2.511960333516772e-03	7.499788e+00	5.636944e+00
2.521725958516771e-03	7.499301e+00	5.636904e+00
2.531491583516771e-03	7.498532e+00	5.636839e+00
2.541257208516771e-03	7.497480e+00	5.636752e+00
2.551022833516771e-03	7.496146e+00	5.636640e+00
2.560788458516771e-03	7.494530e+00	5.636505e+00
2.570554083516770e-03	7.492632e+00	5.636346e+00
2.580319708516770e-03	7.490451e+00	5.636163e+00
2.590085333516770e-03	7.487989e+00	5.635956e+00
2.599850958516770e-03	7.485245e+00	5.635724e+00
2.609616583516770e-03	7.482218e+00	5.635468e+00
2.619382208516769e-03	7.478910e+00	5.635188e+00
2.629147833516769e-03	7.475321e+00	5.634882e+00
2.638913458516769e-03	7.471450e+00	5.634551e+00
2.648679083516769e-03	7.467298e+00	5.634195e+00
2.658444708516769e-03	7.462864e+00	5.633813e+00
2.668210333516768e-03	7.458150e+00	5.633405e+00
2.677975958516768e-03	7.453155e+00	5.632971e+00
2.687741583516768e-03	7.447879e+00	5.632510e+00
2.697507208516768e-03	7.442323e+00	5.632022e+00
2.707272833516767e-03	7.436487e+00	5.631507e+00
2.717038458516767e-03	7.430371e+00	5.630964e+00
2.726804083516767e-03	7.423975e+00	5.630393e+00
2.736569708516767e-03	7.417299e+00	5.629793e+00
2.746335333516767e-03	7.410345e+00	5.629164e+00
2.756100958516766e-03	7.403111e+00	5.628505e+00
2.765866583516766e-03	7.395598e+00	5.627816e+00
2.775632208516766e-03	7.387807e+00	5.627097e+00
2.785397833516766e-03	7.379738e+00	5.626346e+00
2.795163458516766e-03	7.371391e+00	5.625564e+00
2.804929083516765e-03	7.362767e+00	5.624749e+00
2.814694708516765e-03	7.353865e+00	5.623900e+00
2.824460333516765e-03	7.344687e+00	5.623019e+00
2.834225958516765e-03	7.335231e+00	5.622103e+00
2.843991583516765e-03	7.325500e+00	5.621152e+00
2.853757208516764e-03	7.315493e+00	5.620165e+00
2.863522833516764e-03	7.305211e+00	5.619142e+00
2.873288458516764e-03	7.294653e+00	5.618082e+00
2.883054083516764e-03	7.283821e+00	5.616984e+00
2.892819708516764e-03	7.272715e+00	5.615847e+00
2.902585333516763e-03	7.261334e+00	5.614670e+00
2.912350958516763e-03	7.249681e+00	5.613454e+00
2.922116583516763e-03	7.237754e+00	5.612196e+00
2.931882208516763e-03	7.225555e+00	5.610896e+00
2.941647833516762e-03	7.213084e+00	5.609553e+00
2.951413458516762e-03	7.200342e+00	5.608166e+00
2.961179083516762e-03	7.187328e+00	5.606735e+00
2.970944708516762e-03	7.174044e+00	5.605258e+00
2.980710333516762e-03	7.160489e+00	5.603734e+00
2.990475958516761e-03	7.146665e+00	5.602163e+00
3.000241583516761e-03	7.132572e+00	5.600544e+00
3.010007208516761e-03	7.118210e+00	5.598875e+00
3.019772833516761e-03	7.103581e+00	5.597156e+00
3.029538458516761e-03	7.088684e+00	5.595385e+00
3.039304083516760e-03	7.073520e+00	5.593562e+00
3.049069708516760e-03	7.058090e+00	5.591684e+00
3.058835333516760e-03	7.042394e+00	5.589753e+00
3.068600958516760e-03	7.026433e+00	5.587766e+00
3.078366583516760e-03	7.010207e+00	5.585721e+00
3.088132208516759e-03	6.993717e+00	5.583619e+00
3.097897833516759e-03	6.976964e+00	5.581458e+00
3.107663458516759e-03	6.959949e+00	5.579236e+00
3.117429083516759e-03	6.942671e+00	5.576952e+00
3.127194708516759e-03	6.925132e+00	5.574605e+00
3.136960333516758e-03	6.907332e+00	5.572195e+00
3.146725958516758e-03	6.889273e+00	5.569718e+00
3.156491583516758e-03	6.870954e+00	5.567174e+00
3.166257208516758e-03	6.852376e+00	5.564562e+00
3.176022833516757e-03	6.833539e+00	5.561879e+00
3.185788458516757e-03	6.814446e+00	5.559125e+00
3.195554083516757e-03	6.795097e+00	5.556297e+00
3.205319708516757e-03	6.775491e+00	5.553395e+00
3.215085333516757e-03	6.755631e+00	5.550415e+00
3.224850958516756e-03	6.735516e+00	5.547356e+00
3.234616583516756e-03	6.715147e+00	5.544216e+00
3.244382208516756e-03	6.694526e+00	5.540993e+00
3.254147833516756e-03	6.673653e+00	5.537685e+00
3.263913458516756e-03	6.652528e+00	5.534289e+00
3.273679083516755e-03	6.631153e+00	5.530803e+00
3.283444708516755e-03	6.609528e+00	5.527225e+00
3.293210333516755e-03	6.587654e+00	5.523550e+00
3.302975958516755e-03	6.565533e+00	5.519777e+00
3.312741583516755e-03	6.543164e+00	5.515903e+00
3.322507208516754e-03	6.520548e+00	5.511923e+00
3.332272833516754e-03	6.497688e+00	5.507836e+00
3.342038458516754e-03	6.474583e+00	5.503637e+00
3.351804083516754e-03	6.451233e+00	5.499322e+00
3.361569708516754e-03	6.427641e+00	5.494888e+00
3.371335333516753e-03	6.403808e+00	5.490329e+00
3.381100958516753e-03	6.379733e+00	5.485642e+00
3.390866583516753e-03	6.355417e+00	5.480822e+00
3.400632208516753e-03	6.330863e+00	5.475864e+00
3.410397833516752e-03	6.306070e+00	5.470761e+00
3.420163458516752e-03	6.281039e+00	5.465510e+00
3.429929083516752e-03	6.255773e+00	5.460103e+00
3.439694708516752e-03	6.230270e+00	5.454534e+00
3.449460333516752e-03	6.204534e+00	5.448796e+00
3.459225958516751e-03	6.178563e+00	5.442882e+00
3.468991583516751e-03	6.152360e+00	5.436785e+00
3.478757208516751e-03	6.125925e+00	5.430496e+00
3.488522833516751e-03	6.099260e+00	5.424006e+00
3.498288458516751e-03	6.072365e+00	5.417308e+00
3.508054083516750e-03	6.045241e+00	5.410390e+00
3.517819708516750e-03	6.017890e+00	5.403242e+00
3.527585333516750e-03	5.990312e+00	5.395854e+00
3.537350958516750e-03	5.962509e+00	5.388213e+00
3.547116583516750e-03	5.934481e+00	5.380308e+00
3.556882208516749e-03	5.906229e+00	5.372124e+00
3.566647833516749e-03	5.877756e+00	5.363648e+00
3.576413458516749e-03	5.849061e+00	5.354866e+00
3.586179083516749e-03	5.820146e+00	5.345760e+00
3.595944708516749e-03	5.791012e+00	5.336314e+00
3.605710333516748e-03	5.761660e+00	5.326510e+00
3.615475958516748e-03	5.732090e+00	5.316330e+00
3.625241583516748e-03	5.702305e+00	5.305753e+00
3.635007208516748e-03	5.672306e+00	5.294758e+00
3.644772833516747e-03	5.642092e+00	5.283322e+00
3.654538458516747e-03	5.611667e+00	5.271423e+00
3.664304083516747e-03	5.581030e+00	5.259036e+00
3.674069708516747e-03	5.550183e+00	5.246134e+00
3.683835333516747e-03	5.519126e+00	5.232691e+00
3.693600958516746e-03	5.487863e+00	5.218679e+00
3.703366583516746e-03	5.456392e+00	5.204071e+00
3.713132208516746e-03	5.424716e+00	5.188837e+00
3.722897833516746e-03	5.392837e+00	5.172947e+00
3.732663458516746e-03	5.360753e+00	5.156373e+00
3.742429083516745e-03	5.328468e+00	5.139085e+00
3.752194708516745e-03	5.295983e+00	5.121054e+00
3.761960333516745e-03	5.263298e+00	5.102254e+00
3.771725958516745e-03	5.230414e+00	5.082660e+00
3.781491583516745e-03	5.197334e+00	5.062249e+00
3.791257208516744e-03	5.164059e+00	5.041000e+00
3.801022833516744e-03	5.130589e+00	5.018899e+00
3.810788458516744e-03	5.096925e+00	4.995933e+00
3.820554083516744e-03	5.063070e+00	4.972095e+00
3.830319708516744e-03	5.029024e+00	4.947383e+00
3.840085333516743e-03	4.994789e+00	4.921802e+00
3.849850958516743e-03	4.960366e+00	4.895361e+00
3.859616583516743e-03	4.925756e+00	4.868075e+00
3.869382208516743e-03	4.890960e+00	4.839965e+00
3.879147833516742e-03	4.855981e+00	4.811056e+00
3.888913458516742e-03	4.820818e+00	4.781378e+00
3.898679083516742e-03	4.785474e+00	4.750965e+00
3.908444708516742e-03	4.749950e+00	4.719852e+00
3.918210333516742e-03	4.714248e+00	4.688077e+00
3.927975958516742e-03	4.678367e+00	4.655680e+00
3.937741583516742e-03	4.642311e+00	4.622698e+00
3.947507208516741e-03	4.606079e+00	4.589172e+00
3.957272833516741e-03	4.569674e+00	4.555137e+00
3.967038458516741e-03	4.533098e+00	4.520630e+00
3.976804083516741e-03	4.496350e+00	4.485685e+00
3.986569708516741e-03	4.459434e+00	4.450332e+00
3.996335333516740e-03	4.422349e+00	4.414602e+00
4.006100958516740e-03	4.385098e+00	4.378520e+00
4.015866583516740e-03	4.347682e+00	4.342112e+00
4.025632208516740e-03	4.310102e+00	4.305398e+00
4.035397833516740e-03	4.272359e+00	4.268400e+00
4.045163458516739e-03	4.234457e+00	4.231133e+00
4.054929083516739e-03	4.196394e+00	4.193616e+00
4.064694708516739e-03	4.158174e+00	4.155861e+00
4.074460333516739e-03	4.119796e+00	4.117881e+00
4.084225958516739e-03	4.081264e+00	4.079687e+00
4.093991583516738e-03	4.042579e+00	4.041289e+00
4.103757208516738e-03	4.003741e+00	4.002695e+00
4.113522833516738e-03	3.964752e+00	3.963914e+00
4.123288458516738e-03	3.925614e+00	3.924952e+00
4.133054083516738e-03	3.886328e+00	3.885815e+00
4.142819708516737e-03	3.846896e+00	3.846509e+00
4.152585333516737e-03	3.807319e+00	3.807039e+00
4.162350958516737e-03	3.767599e+00	3.767409e+00
4.172116583516737e-03	3.727737e+00	3.727623e+00
4.181882208516736e-03	3.687734e+00	3.687685e+00
4.191647833516736e-03	3.647593e+00	3.647598e+00
4.201413458516736e-03	3.607314e+00	3.607365e+00
4.211179083516736e-03	3.566900e+00	3.566989e+00
4.220944708516736e-03	3.526351e+00	3.526473e+00
4.230710333516735e-03	3.485670e+00	3.485818e+00
4.240475958516735e-03	3.444857e+00	3.445029e+00
4.250241583516735e-03	3.403914e+00	3.404105e+00
4.260007208516735e-03	3.362844e+00	3.363051e+00
4.269772833516735e-03	3.321646e+00	3.321867e+00
4.279538458516734e-03	3.280324e+00	3.280556e+00
4.289304083516734e-03	3.238878e+00	3.239120e+00
4.299069708516734e-03	3.197311e+00	3.197561e+00
4.308835333516734e-03	3.155623e+00	3.155879e+00
4.318600958516734e-03	3.113816e+00	3.114078e+00
4.328366583516733e-03	3.071892e+00	3.072159e+00
4.338132208516733e-03	3.029852e+00	3.030123e+00
4.347897833516733e-03	2.987698e+00	2.987973e+00
4.357663458516733e-03	2.945432e+00	2.945710e+00
4.367429083516733e-03	2.903054e+00	2.903335e+00
4.377194708516732e-03	2.860568e+00	2.860851e+00
4.386960333516732e-03	2.817974e+00	2.818259e+00
4.396725958516732e-03	2.775273e+00	2.775560e+00
4.406491583516732e-03	2.732469e+00	2.732757e+00
4.416257208516731e-03	2.689561e+00	2.689850e+00
4.426022833516731e-03	2.646552e+00	2.646843e+00
4.435788458516731e-03	2.603443e+00	2.603735e+00
4.445554083516731e-03	2.560237e+00	2.560529e+00
4.455319708516731e-03	2.516934e+00	2.517227e+00
4.465085333516730e-03	2.473536e+00	2.473830e+00
4.474850958516730e-03	2.430045e+00	2.430340e+00
4.484616583516730e-03	2.386463e+00	2.386759e+00
4.494382208516730e-03	2.342791e+00	2.343087e+00
4.504147833516730e-03	2.299030e+00	2.299327e+00
4.513913458516729e-03	2.255183e+00	2.255481e+00
4.523679083516729e-03	2.211251e+00	2.211550e+00
4.533444708516729e-03	2.167236e+00	2.167535e+00
4.543210333516729e-03	2.123139e+00	2.123439e+00
4.552975958516729e-03	2.078963e+00	2.079262e+00
4.562741583516728e-03	2.034708e+00	2.035008e+00
4.572507208516728e-03	1.990376e+00	1.990677e+00
4.582272833516728e-03	1.945970e+00	1.946271e+00
4.592038458516728e-03	1.901490e+00	1.901791e+00
4.601804083516728e-03	1.856938e+00	1.857240e+00
4.611569708516727e-03	1.812317e+00	1.812619e+00
4.621335333516727e-03	1.767628e+00	1.767930e+00
4.631100958516727e-03	1.722872e+00	1.723175e+00
4.640866583516727e-03	1.678051e+00	1.678354e+00
4.650632208516726e-03	1.633167e+00	1.633470e+00
4.660397833516726e-03	1.588221e+00	1.588525e+00
4.670163458516726e-03	1.543216e+00	1.543520e+00
4.679929083516726e-03	1.498152e+00	1.498457e+00
4.689694708516726e-03	1.453032e+00	1.453337e+00
4.699460333516725e-03	1.407858e+00	1.408163e+00
4.709225958516725e-03	1.362630e+00	1.362936e+00
4.718991583516725e-03	1.317351e+00	1.317657e+00
4.728757208516725e-03	1.272023e+00	1.272329e+00
4.738522833516725e-03	1.226647e+00	1.226953e+00
4.748288458516724e-03	1.181224e+00	1.181530e+00
4.758054083516724e-03	1.135757e+00	1.136063e+00
4.767819708516724e-03	1.090247e+00	1.090554e+00
4.777585333516724e-03	1.044696e+00	1.045003e+00
4.787350958516724e-03	9.991061e-01	9.994134e-01
4.797116583516723e-03	9.534783e-01	9.537858e-01
4.806882208516723e-03	9.078147e-01	9.081222e-01
4.816647833516723e-03	8.621168e-01	8.624246e-01
4.826413458516723e-03	8.163865e-01	8.166944e-01
4.836179083516723e-03	7.706254e-01	7.709336e-01
4.845944708516722e-03	7.248353e-01	7.251437e-01
4.855710333516722e-03	6.790180e-01	6.793265e-01
4.865475958516722e-03	6.331751e-01	6.334836e-01
4.875241583516722e-03	5.873083e-01	5.876170e-01
4.885007208516721e-03	5.414194e-01	5.417283e-01
4.894772833516721e-03	4.955102e-01	4.958192e-01
4.904538458516721e-03	4.495822e-01	4.498914e-01
4.914304083516721e-03	4.036374e-01	4.039466e-01
4.924069708516721e-03	3.576773e-01	3.579867e-01
4.933835333516720e-03	3.117038e-01	3.120133e-01
4.943600958516720e-03	2.657186e-01	2.660282e-01
4.953366583516720e-03	2.197234e-01	2.200330e-01
4.963132208516720e-03	1.737198e-01	1.740296e-01
4.972897833516720e-03	1.277098e-01	1.280196e-01
4.982663458516719e-03	8.169491e-02	8.200476e-02
4.992429083516719e-03	3.567697e-02	3.598687e-02
5.002194708516719e-03	-1.034232e-02	-1.003237e-02
5.011960333516719e-03	-5.636121e-02	-5.605122e-02
5.021725958516719e-03	-1.023780e-01	-1.020680e-01
5.031491583516718e-03	-1.483909e-01	-1.480809e-01
5.041257208516718e-03	-1.943982e-01	-1.940882e-01
5.051022833516718e-03	-2.403983e-01	-2.400882e-01
5.060788458516718e-03	-2.863892e-01	-2.860791e-01
5.070554083516718e-03	-3.323694e-01	-3.320593e-01
5.080319708516717e-03	-3.783371e-01	-3.780270e-01
5.090085333516717e-03	-4.242905e-01	-4.239804e-01
5.099850958516717e-03	-4.702279e-01	-4.699179e-01
5.109616583516717e-03	-5.161477e-01	-5.158377e-01
5.119382208516716e-03	-5.620480e-01	-5.617381e-01
5.129147833516716e-03	-6.079271e-01	-6.076173e-01
5.138913458516716e-03	-6.537834e-01	-6.534736e-01
5.148679083516716e-03	-6.996151e-01	-6.993053e-01
5.158444708516716e-03	-7.454204e-01	-7.451106e-01
5.168210333516715e-03	-7.911976e-01	-7.908880e-01
5.177975958516715e-03	-8.369451e-01	-8.366355e-01
5.187741583516715e-03	-8.826610e-01	-8.823516e-01
5.197507208516715e-03	-9.283437e-01	-9.280344e-01
5.207272833516715e-03	-9.739915e-01	-9.736822e-01
5.217038458516714e-03	-1.019603e+00	-1.019293e+00
5.226804083516714e-03	-1.065175e+00	-1.064866e+00
5.236569708516714e-03	-1.110708e+00	-1.110399e+00
5.246335333516714e-03	-1.156199e+00	-1.155890e+00
5.256100958516714e-03	-1.201646e+00	-1.201337e+00
5.265866583516713e-03	-1.247048e+00	-1.246739e+00
5.275632208516713e-03	-1.292403e+00	-1.292095e+00
5.285397833516713e-03	-1.337709e+00	-1.337401e+00
5.295163458516713e-03	-1.382965e+00	-1.382657e+00
5.304929083516713e-03	-1.428169e+00	-1.427862e+00
5.314694708516712e-03	-1.473320e+00	-1.473012e+00
5.324460333516712e-03	-1.518414e+00	-1.518107e+00
5.334225958516712e-03	-1.563452e+00	-1.563145e+00
5.343991583516712e-03	-1.608431e+00	-1.608124e+00
5.353757208516711e-03	-1.653349e+00	-1.653042e+00
5.363522833516711e-03	-1.698205e+00	-1.697898e+00
5.373288458516711e-03	-1.742997e+00	-1.742690e+00
5.383054083516711e-03	-1.787723e+00	-1.787417e+00
5.392819708516711e-03	-1.832382e+00	-1.832076e+00
5.402585333516710e-03	-1.876972e+00	-1.876666e+00
5.412350958516710e-03	-1.921491e+00	-1.921186e+00
5.422116583516710e-03	-1.965938e+00	-1.965633e+00
5.431882208516710e-03	-2.010311e+00	-2.010006e+00
5.441647833516710e-03	-2.054609e+00	-2.054304e+00
5.451413458516709e-03	-2.098829e+00	-2.098524e+00
5.461179083516709e-03	-2.142970e+00	-2.142665e+00
5.470944708516709e-03	-2.187030e+00	-2.186726e+00
5.480710333516709e-03	-2.231008e+00	-2.230704e+00
5.490475958516709e-03	-2.274902e+00	-2.274598e+00
5.500241583516708e-03	-2.318710e+00	-2.318406e+00
5.510007208516708e-03	-2.362431e+00	-2.362127e+00
5.519772833516708e-03	-2.406063e+00	-2.405760e+00
5.529538458516708e-03	-2.449605e+00	-2.449301e+00
5.539304083516708e-03	-2.493054e+00	-2.492750e+00
5.549069708516707e-03	-2.536409e+00	-2.536106e+00
5.558835333516707e-03	-2.579669e+00	-2.579365e+00
5.568600958516707e-03	-2.622832e+00	-2.622528e+00
5.578366583516707e-03	-2.665896e+00	-2.665592e+00
5.588132208516707e-03	-2.708859e+00	-2.708555e+00
5.597897833516706e-03	-2.751721e+00	-2.751416e+00
5.607663458516706e-03	-2.794479e+00	-2.794174e+00
5.617429083516706e-03	-2.837132e+00	-2.836826e+00
5.627194708516706e-03	-2.879678e+00	-2.879370e+00
5.636960333516705e-03	-2.922116e+00	-2.921807e+00
5.646725958516705e-03	-2.964443e+00	-2.964132e+00
5.656491583516705e-03	-3.006659e+00	-3.006346e+00
5.666257208516705e-03	-3.048762e+00	-3.048446e+00
5.676022833516705e-03	-3.090750e+00	-3.090430e+00
5.685788458516704e-03	-3.132622e+00	-3.132297e+00
5.695554083516704e-03	-3.174375e+00	-3.174045e+00
5.705319708516704e-03	-3.216009e+00	-3.215672e+00
5.715085333516704e-03	-3.257523e+00	-3.257176e+00
5.724850958516704e-03	-3.298913e+00	-3.298555e+00
5.734616583516703e-03	-3.340179e+00	-3.339808e+00
5.744382208516703e-03	-3.381320e+00	-3.380932e+00
5.754147833516703e-03	-3.422333e+00	-3.421926e+00
5.763913458516703e-03	-3.463217e+00	-3.462788e+00
5.773679083516703e-03	-3.503971e+00	-3.503515e+00
5.783444708516702e-03	-3.544593e+00	-3.544106e+00
5.793210333516702e-03	-3.585082e+00	-3.584559e+00
5.802975958516702e-03	-3.625435e+00	-3.624871e+00
5.812741583516702e-03	-3.665653e+00	-3.665040e+00
5.822507208516702e-03	-3.705732e+00	-3.705063e+00
5.832272833516701e-03	-3.745671e+00	-3.744937e+00
5.842038458516701e-03	-3.785470e+00	-3.784657e+00
5.851804083516701e-03	-3.825126e+00	-3.824220e+00
5.861569708516701e-03	-3.864638e+00	-3.863622e+00
5.871335333516700e-03	-3.904004e+00	-3.902858e+00
5.881100958516700e-03	-3.943224e+00	-3.941921e+00
5.890866583516700e-03	-3.982295e+00	-3.980807e+00
5.900632208516700e-03	-4.021216e+00	-4.019509e+00
5.910397833516700e-03	-4.059986e+00	-4.058021e+00
5.920163458516699e-03	-4.098603e+00	-4.096333e+00
5.929929083516699e-03	-4.137065e+00	-4.134436e+00
5.939694708516699e-03	-4.175372e+00	-4.172321e+00
5.949460333516699e-03	-4.213522e+00	-4.209976e+00
5.959225958516699e-03	-4.251513e+00	-4.247387e+00
5.968991583516698e-03	-4.289344e+00	-4.284540e+00
5.978757208516698e-03	-4.327013e+00	-4.321419e+00
5.988522833516698e-03	-4.364520e+00	-4.358005e+00
5.998288458516698e-03	-4.401862e+00	-4.394276e+00
6.008054083516698e-03	-4.439038e+00	-4.430211e+00
6.017819708516697e-03	-4.476048e+00	-4.465783e+00
6.027585333516697e-03	-4.512888e+00	-4.500965e+00
6.037350958516697e-03	-4.549559e+00	-4.535728e+00
6.047116583516697e-03	-4.586059e+00	-4.570037e+00
6.056882208516697e-03	-4.622386e+00	-4.603859e+00
6.066647833516696e-03	-4.658539e+00	-4.637157e+00
6.076413458516696e-03	-4.694516e+00	-4.669894e+00
6.086179083516696e-03	-4.730317e+00	-4.702031e+00
6.095944708516696e-03	-4.765940e+00	-4.733528e+00
6.105710333516695e-03	-4.801383e+00	-4.764346e+00
6.115475958516695e-03	-4.836646e+00	-4.794449e+00
6.125241583516695e-03	-4.871726e+00	-4.823802e+00
6.135007208516695e-03	-4.906623e+00	-4.852372e+00
6.144772833516695e-03	-4.941335e+00	-4.880132e+00
6.154538458516694e-03	-4.975862e+00	-4.907058e+00
6.164304083516694e-03	-5.010201e+00	-4.933131e+00
6.174069708516694e-03	-5.044351e+00	-4.958339e+00
6.183835333516694e-03	-5.078311e+00	-4.982675e+00
6.193600958516694e-03	-5.112080e+00	-5.006137e+00
6.203366583516693e-03	-5.145657e+00	-5.028729e+00
6.213132208516693e-03	-5.179039e+00	-5.050460e+00
6.222897833516693e-03	-5.212227e+00	-5.071344e+00
6.232663458516693e-03	-5.245219e+00	-5.091399e+00
6.242429083516693e-03	-5.278013e+00	-5.110645e+00
6.252194708516692e-03	-5.310609e+00	-5.129107e+00
6.261960333516692e-03	-5.343005e+00	-5.146812e+00
6.271725958516692e-03	-5.375199e+00	-5.163786e+00
6.281491583516692e-03	-5.407191e+00	-5.180058e+00
6.291257208516692e-03	-5.438980e+00	-5.195658e+00
6.301022833516691e-03	-5.470563e+00	-5.210615e+00
6.310788458516691e-03	-5.501941e+00	-5.224959e+00
6.320554083516691e-03	-5.533112e+00	-5.238718e+00
6.330319708516691e-03	-5.564074e+00	-5.251920e+00
6.340085333516690e-03	-5.594826e+00	-5.264594e+00
6.349850958516690e-03	-5.625369e+00	-5.276764e+00
6.359616583516690e-03	-5.655699e+00	-5.288456e+00
6.369382208516690e-03	-5.685816e+00	-5.299695e+00
6.379147833516690e-03	-5.715720e+00	-5.310504e+00
6.388913458516689e-03	-5.745408e+00	-5.320904e+00
6.398679083516689e-03	-5.774879e+00	-5.330915e+00
6.408444708516689e-03	-5.804134e+00	-5.340559e+00
6.418210333516689e-03	-5.833170e+00	-5.349853e+00
6.427975958516689e-03	-5.861986e+00	-5.358814e+00
6.437741583516688e-03	-5.890582e+00	-5.367459e+00
6.447507208516688e-03	-5.918955e+00	-5.375804e+00
6.457272833516688e-03	-5.947106e+00	-5.383863e+00
6.467038458516688e-03	-5.975033e+00	-5.391649e+00
6.476804083516688e-03	-6.002736e+00	-5.399177e+00
6.486569708516687e-03	-6.030211e+00	-5.406457e+00
6.496335333516687e-03	-6.057461e+00	-5.413502e+00
6.506100958516687e-03	-6.084482e+00	-5.420321e+00
6.515866583516687e-03	-6.111274e+00	-5.426926e+00
6.525632208516687e-03	-6.137836e+00	-5.433325e+00
6.535397833516686e-03	-6.164166e+00	-5.439528e+00
6.545163458516686e-03	-6.190265e+00	-5.445543e+00
6.554929083516686e-03	-6.216130e+00	-5.451378e+00
6.564694708516686e-03	-6.241762e+00	-5.457040e+00
6.574460333516685e-03	-6.267159e+00	-5.462536e+00
6.584225958516685e-03	-6.292319e+00	-5.467874e+00
6.593991583516685e-03	-6.317243e+00	-5.473058e+00
6.603757208516685e-03	-6.341929e+00	-5.478096e+00
6.613522833516685e-03	-6.366376e+00	-5.482992e+00
6.623288458516684e-03	-6.390584e+00	-5.487752e+00
6.633054083516684e-03	-6.414550e+00	-5.492382e+00
6.642819708516684e-03	-6.438275e+00	-5.496884e+00
6.652585333516684e-03	-6.461759e+00	-5.501265e+00
6.662350958516684e-03	-6.484998e+00	-5.505527e+00
6.672116583516683e-03	-6.507994e+00	-5.509676e+00
6.681882208516683e-03	-6.530744e+00	-5.513715e+00
6.691647833516683e-03	-6.553248e+00	-5.517647e+00
6.701413458516683e-03	-6.575506e+00	-5.521476e+00
6.711179083516683e-03	-6.597517e+00	-5.525205e+00
6.720944708516682e-03	-6.619278e+00	-5.528836e+00
6.730710333516682e-03	-6.640791e+00	-5.532373e+00
6.740475958516682e-03	-6.662054e+00	-5.535819e+00
6.750241583516682e-03	-6.683066e+00	-5.539176e+00
6.760007208516682e-03	-6.703826e+00	-5.542445e+00
6.769772833516681e-03	-6.724334e+00	-5.545631e+00
6.779538458516681e-03	-6.744588e+00	-5.548734e+00
6.789304083516681e-03	-6.764589e+00	-5.551757e+00
6.799069708516681e-03	-6.784335e+00	-5.554703e+00
6.808835333516680e-03	-6.803826e+00	-5.557572e+00
6.818600958516680e-03	-6.823060e+00	-5.560367e+00
6.828366583516680e-03	-6.842038e+00	-5.563088e+00
6.838132208516680e-03	-6.860758e+00	-5.565739e+00
6.847897833516680e-03	-6.879220e+00	-5.568321e+00
6.857663458516679e-03	-6.897422e+00	-5.570834e+00
6.867429083516679e-03	-6.915365e+00	-5.573281e+00
6.877194708516679e-03	-6.933048e+00	-5.575664e+00
6.886960333516679e-03	-6.950469e+00	-5.577982e+00
6.896725958516679e-03	-6.967629e+00	-5.580238e+00
6.906491583516678e-03	-6.984527e+00	-5.582433e+00
6.916257208516678e-03	-7.001162e+00	-5.584568e+00
6.926022833516678e-03	-7.017532e+00	-5.586644e+00
6.935788458516678e-03	-7.033639e+00	-5.588662e+00
6.945554083516678e-03	-7.049481e+00	-5.590625e+00
6.955319708516677e-03	-7.065058e+00	-5.592532e+00
6.965085333516677e-03	-7.080369e+00	-5.594385e+00
6.974850958516677e-03	-7.095413e+00	-5.596184e+00
6.984616583516677e-03	-7.110189e+00	-5.597932e+00
6.994382208516677e-03	-7.124699e+00	-5.599629e+00
7.004147833516676e-03	-7.138940e+00	-5.601275e+00
7.013913458516676e-03	-7.152912e+00	-5.602873e+00
7.023679083516676e-03	-7.166615e+00	-5.604423e+00
7.033444708516676e-03	-7.180048e+00	-5.605925e+00
7.043210333516675e-03	-7.193211e+00	-5.607382e+00
7.052975958516675e-03	-7.206102e+00	-5.608793e+00
7.062741583516675e-03	-7.218723e+00	-5.610160e+00
7.072507208516675e-03	-7.231072e+00	-5.611484e+00
7.082272833516675e-03	-7.243149e+00	-5.612764e+00
7.092038458516674e-03	-7.254952e+00	-5.614004e+00
7.101804083516674e-03	-7.266483e+00	-5.615202e+00
7.111569708516674e-03	-7.277740e+00	-5.616361e+00
7.121335333516674e-03	-7.288723e+00	-5.617481e+00
7.131100958516674e-03	-7.299432e+00	-5.618562e+00
7.140866583516673e-03	-7.309866e+00	-5.619605e+00
7.150632208516673e-03	-7.320025e+00	-5.620612e+00
7.160397833516673e-03	-7.329908e+00	-5.621583e+00
7.170163458516673e-03	-7.339515e+00	-5.622518e+00
7.179929083516673e-03	-7.348846e+00	-5.623418e+00
7.189694708516672e-03	-7.357900e+00	-5.624285e+00
7.199460333516672e-03	-7.366677e+00	-5.625118e+00
7.209225958516672e-03	-7.375177e+00	-5.625918e+00
7.218991583516672e-03	-7.383399e+00	-5.626687e+00
7.228757208516672e-03	-7.391344e+00	-5.627423e+00
7.238522833516671e-03	-7.399009e+00	-5.628129e+00
7.248288458516671e-03	-7.406396e+00	-5.628804e+00
7.258054083516671e-03	-7.413505e+00	-5.629449e+00
7.267819708516671e-03	-7.420334e+00	-5.630065e+00
7.277585333516670e-03	-7.426884e+00	-5.630652e+00
7.287350958516670e-03	-7.433155e+00	-5.631211e+00
7.297116583516670e-03	-7.439145e+00	-5.631742e+00
7.306882208516670e-03	-7.444855e+00	-5.632245e+00
7.316647833516670e-03	-7.450285e+00	-5.632720e+00
7.326413458516669e-03	-7.455435e+00	-5.633169e+00
7.336179083516669e-03	-7.460304e+00	-5.633591e+00
7.345944708516669e-03	-7.464892e+00	-5.633987e+00
7.355710333516669e-03	-7.469199e+00	-5.634358e+00
7.365475958516669e-03	-7.473225e+00	-5.634703e+00
7.375241583516668e-03	-7.476969e+00	-5.635022e+00
7.385007208516668e-03	-7.480432e+00	-5.635316e+00
7.394772833516668e-03	-7.483613e+00	-5.635586e+00
7.404538458516668e-03	-7.486513e+00	-5.635831e+00
7.414304083516668e-03	-7.489130e+00	-5.636052e+00
7.424069708516667e-03	-7.491466e+00	-5.636248e+00
7.433835333516667e-03	-7.493520e+00	-5.636420e+00
7.443600958516667e-03	-7.495291e+00	-5.636569e+00
7.453366583516667e-03	-7.496781e+00	-5.636693e+00
7.463132208516667e-03	-7.497988e+00	-5.636794e+00
7.472897833516666e-03	-7.498913e+00	-5.636871e+00
7.482663458516666e-03	-7.499555e+00	-5.636925e+00
7.492429083516666e-03	-7.499915e+00	-5.636955e+00
7.502194708516666e-03	-7.499993e+00	-5.636961e+00
7.511960333516665e-03	-7.499788e+00	-5.636944e+00
7.521725958516665e-03	-7.499301e+00	-5.636904e+00
7.531491583516665e-03	-7.498532e+00	-5.636839e+00
7.541257208516665e-03	-7.497480e+00	-5.636752e+00
7.551022833516665e-03	-7.496146e+00	-5.636640e+00
7.560788458516664e-03	-7.494530e+00	-5.636505e+00
7.570554083516664e-03	-7.492632e+00	-5.636346e+00
7.580319708516664e-03	-7.490451e+00	-5.636163e+00
7.590085333516664e-03	-7.487989e+00	-5.635956e+00
7.599850958516664e-03	-7.485245e+00	-5.635724e+00
7.609616583516663e-03	-7.482218e+00	-5.635468e+00
7.619382208516663e-03	-7.478910e+00	-5.635188e+00
7.629147833516663e-03	-7.475321e+00	-5.634882e+00
7.638913458516663e-03	-7.471450e+00	-5.634551e+00
7.648679083516663e-03	-7.467298e+00	-5.634195e+00
7.658444708516662e-03	-7.462864e+00	-5.633813e+00
7.668210333516662e-03	-7.458150e+00	-5.633405e+00
7.677975958516662e-03	-7.453155e+00	-5.632971e+00
7.687741583516662e-03	-7.447879e+00	-5.632510e+00
7.697507208516662e-03	-7.442323e+00	-5.632022e+00
7.707272833516661e-03	-7.436487e+00	-5.631507e+00
7.717038458516661e-03	-7.430371e+00	-5.630964e+00
7.726804083516661e-03	-7.423975e+00	-5.630393e+00
7.736569708516661e-03	-7.417299e+00	-5.629793e+00
7.746335333516660e-03	-7.410345e+00	-5.629164e+00
7.756100958516660e-03	-7.403111e+00	-5.628505e+00
7.765866583516660e-03	-7.395598e+00	-5.627816e+00
7.775632208516660e-03	-7.387807e+00	-5.627097e+00
7.785397833516660e-03	-7.379738e+00	-5.626346e+00
7.795163458516659e-03	-7.371391e+00	-5.625564e+00
7.804929083516659e-03	-7.362767e+00	-5.624749e+00
7.814694708516659e-03	-7.353865e+00	-5.623900e+00
7.824460333516659e-03	-7.344687e+00	-5.623019e+00
7.834225958516659e-03	-7.335231e+00	-5.622103e+00
7.843991583516658e-03	-7.325500e+00	-5.621152e+00
7.853757208516658e-03	-7.315493e+00	-5.620165e+00
7.863522833516658e-03	-7.305211e+00	-5.619142e+00
7.873288458516658e-03	-7.294653e+00	-5.618082e+00
7.883054083516658e-03	-7.283821e+00	-5.616984e+00
7.892819708516657e-03	-7.272715e+00	-5.615847e+00
7.902585333516657e-03	-7.261334e+00	-5.614670e+00
7.912350958516657e-03	-7.249681e+00	-5.613454e+00
7.922116583516657e-03	-7.237754e+00	-5.612196e+00
7.931882208516657e-03	-7.225555e+00	-5.610896e+00
7.941647833516656e-03	-7.213084e+00	-5.609553e+00
7.951413458516656e-03	-7.200342e+00	-5.608166e+00
7.961179083516656e-03	-7.187328e+00	-5.606735e+00
7.970944708516656e-03	-7.174044e+00	-5.605258e+00
7.980710333516655e-03	-7.160489e+00	-5.603734e+00
7.990475958516655e-03	-7.146665e+00	-5.602163e+00
8.000241583516655e-03	-7.132572e+00	-5.600544e+00
8.010007208516655e-03	-7.118210e+00	-5.598875e+00
8.019772833516655e-03	-7.103581e+00	-5.597156e+00
8.029538458516654e-03	-7.088684e+00	-5.595385e+00
8.039304083516654e-03	-7.073520e+00	-5.593562e+00
8.049069708516654e-03	-7.058090e+00	-5.591684e+00
8.058835333516654e-03	-7.042394e+00	-5.589753e+00
8.068600958516654e-03	-7.026433e+00	-5.587766e+00
8.078366583516653e-03	-7.010207e+00	-5.585721e+00
8.088132208516653e-03	-6.993717e+00	-5.583619e+00
8.097897833516653e-03	-6.976964e+00	-5.581458e+00
8.107663458516653e-03	-6.959949e+00	-5.579236e+00
8.117429083516653e-03	-6.942671e+00	-5.576952e+00
8.127194708516652e-03	-6.925132e+00	-5.574605e+00
8.136960333516652e-03	-6.907332e+00	-5.572195e+00
8.146725958516652e-03	-6.889273e+00	-5.569718e+00
8.156491583516652e-03	-6.870954e+00	-5.567174e+00
8.166257208516652e-03	-6.852376e+00	-5.564562e+00
8.176022833516651e-03	-6.833539e+00	-5.561879e+00
8.185788458516651e-03	-6.814446e+00	-5.559125e+00
8.195554083516651e-03	-6.795097e+00	-5.556297e+00
8.205319708516651e-03	-6.775491e+00	-5.553395e+00
8.215085333516651e-03	-6.755631e+00	-5.550415e+00
8.224850958516650e-03	-6.735516e+00	-5.547356e+00
8.234616583516650e-03	-6.715147e+00	-5.544216e+00
8.244382208516650e-03	-6.694526e+00	-5.540993e+00
8.254147833516650e-03	-6.673653e+00	-5.537685e+00
8.263913458516649e-03	-6.652528e+00	-5.534289e+00
8.273679083516649e-03	-6.631153e+00	-5.530803e+00
8.283444708516649e-03	-6.609528e+00	-5.527225e+00
8.293210333516649e-03	-6.587654e+00	-5.523550e+00
8.302975958516649e-03	-6.565533e+00	-5.519777e+00
8.312741583516648e-03	-6.543164e+00	-5.515903e+00
8.322507208516648e-03	-6.520548e+00	-5.511923e+00
8.332272833516648e-03	-6.497688e+00	-5.507836e+00
8.342038458516648e-03	-6.474583e+00	-5.503637e+00
8.351804083516648e-03	-6.451233e+00	-5.499322e+00
8.361569708516647e-03	-6.427641e+00	-5.494888e+00
8.371335333516647e-03	-6.403808e+00	-5.490329e+00
8.381100958516647e-03	-6.379733e+00	-5.485642e+00
8.390866583516647e-03	-6.355417e+00	-5.480822e+00
8.400632208516647e-03	-6.330863e+00	-5.475864e+00
8.410397833516646e-03	-6.306070e+00	-5.470761e+00
8.420163458516646e-03	-6.281039e+00	-5.465510e+00
8.429929083516646e-03	-6.255773e+00	-5.460103e+00
8.439694708516646e-03	-6.230270e+00	-5.454534e+00
8.449460333516646e-03	-6.204534e+00	-5.448796e+00
8.459225958516645e-03	-6.178563e+00	-5.442882e+00
8.468991583516645e-03	-6.152360e+00	-5.436785e+00
8.478757208516645e-03	-6.125925e+00	-5.430496e+00
8.488522833516645e-03	-6.099260e+00	-5.424006e+00
8.498288458516644e-03	-6.072365e+00	-5.417308e+00
8.508054083516644e-03	-6.045241e+00	-5.410390e+00
8.517819708516644e-03	-6.017890e+00	-5.403242e+00
8.527585333516644e-03	-5.990312e+00	-5.395854e+00
8.537350958516644e-03	-5.962509e+00	-5.388213e+00
8.547116583516643e-03	-5.934481e+00	-5.380308e+00
8.556882208516643e-03	-5.906229e+00	-5.372124e+00
8.566647833516643e-03	-5.877756e+00	-5.363648e+00
8.576413458516643e-03	-5.849061e+00	-5.354866e+00
8.586179083516643e-03	-5.820146e+00	-5.345760e+00
8.595944708516642e-03	-5.791012e+00	-5.336314e+00
8.605710333516642e-03	-5.761660e+00	-5.326510e+00
8.615475958516642e-03	-5.732090e+00	-5.316330e+00
8.625241583516642e-03	-5.702305e+00	-5.305753e+00
8.635007208516642e-03	-5.672306e+00	-5.294758e+00
8.644772833516641e-03	-5.642092e+00	-5.283322e+00
8.654538458516641e-03	-5.611667e+00	-5.271423e+00
8.664304083516641e-03	-5.581030e+00	-5.259036e+00
8.674069708516641e-03	-5.550183e+00	-5.246134e+00
8.683835333516641e-03	-5.519126e+00	-5.232691e+00
8.693600958516640e-03	-5.487863e+00	-5.218679e+00
8.703366583516640e-03	-5.456392e+00	-5.204071e+00
8.713132208516640e-03	-5.424716e+00	-5.188837e+00
8.722897833516640e-03	-5.392837e+00	-5.172947e+00
8.732663458516639e-03	-5.360753e+00	-5.156373e+00
8.742429083516639e-03	-5.328468e+00	-5.139085e+00
8.752194708516639e-03	-5.295983e+00	-5.121054e+00
8.761960333516639e-03	-5.263298e+00	-5.102254e+00
8.771725958516639e-03	-5.230414e+00	-5.082660e+00
8.781491583516638e-03	-5.197334e+00	-5.062249e+00
8.791257208516638e-03	-5.164059e+00	-5.041000e+00
8.801022833516638e-03	-5.130589e+00	-5.018899e+00
8.810788458516638e-03	-5.096925e+00	-4.995933e+00
8.820554083516638e-03	-5.063070e+00	-4.972095e+00
8.830319708516637e-03	-5.029024e+00	-4.947383e+00
8.840085333516637e-03	-4.994789e+00	-4.921802e+00
8.849850958516637e-03	-4.960366e+00	-4.895361e+00
8.859616583516637e-03	-4.925756e+00	-4.868075e+00
8.869382208516637e-03	-4.890960e+00	-4.839965e+00
8.879147833516636e-03	-4.855981e+00	-4.811056e+00
8.888913458516636e-03	-4.820818e+00	-4.781378e+00
8.898679083516636e-03	-4.785474e+00	-4.750965e+00
8.908444708516636e-03	-4.749950e+00	-4.719852e+00
8.918210333516636e-03	-4.714248e+00	-4.688077e+00
8.927975958516635e-03	-4.678367e+00	-4.655680e+00
8.937741583516635e-03	-4.642311e+00	-4.622698e+00
8.947507208516635e-03	-4.606079e+00	-4.589172e+00
8.957272833516635e-03	-4.569674e+00	-4.555137e+00
8.967038458516634e-03	-4.533098e+00	-4.520630e+00
8.976804083516634e-03	-4.496350e+00	-4.485685e+00
8.986569708516634e-03	-4.459434e+00	-4.450332e+00
8.996335333516634e-03	-4.422349e+00	-4.414602e+00
9.006100958516634e-03	-4.385098e+00	-4.378520e+00
9.015866583516633e-03	-4.347682e+00	-4.342112e+00
9.025632208516633e-03	-4.310102e+00	-4.305398e+00
9.035397833516633e-03	-4.272359e+00	-4.268400e+00
9.045163458516633e-03	-4.234457e+00	-4.231133e+00
9.054929083516633e-03	-4.196394e+00	-4.193616e+00
9.064694708516632e-03	-4.158174e+00	-4.155861e+00
9.074460333516632e-03	-4.119796e+00	-4.117881e+00
9.084225958516632e-03	-4.081264e+00	-4.079687e+00
9.093991583516632e-03	-4.042579e+00	-4.041289e+00
9.103757208516632e-03	-4.003741e+00	-4.002695e+00
9.113522833516631e-03	-3.964752e+00	-3.963914e+00
9.123288458516631e-03	-3.925614e+00	-3.924952e+00
9.133054083516631e-03	-3.886328e+00	-3.885815e+00
9.142819708516631e-03	-3.846896e+00	-3.846509e+00
9.152585333516631e-03	-3.807319e+00	-3.807039e+00
9.162350958516630e-03	-3.767599e+00	-3.767409e+00
9.172116583516630e-03	-3.727737e+00	-3.727623e+00
9.181882208516630e-03	-3.687734e+00	-3.687685e+00
9.191647833516630e-03	-3.647593e+00	-3.647598e+00
9.201413458516629e-03	-3.607314e+00	-3.607365e+00
9.211179083516629e-03	-3.566900e+00	-3.566989e+00
9.220944708516629e-03	-3.526351e+00	-3.526473e+00
9.230710333516629e-03	-3.485670e+00	-3.485818e+00
9.240475958516629e-03	-3.444857e+00	-3.445029e+00
9.250241583516628e-03	-3.403914e+00	-3.404105e+00
9.260007208516628e-03	-3.362844e+00	-3.363051e+00
9.269772833516628e-03	-3.321646e+00	-3.321867e+00
9.279538458516628e-03	-3.280324e+00	-3.280556e+00
9.289304083516628e-03	-3.238878e+00	-3.239120e+00
9.299069708516627e-03	-3.197311e+00	-3.197561e+00
9.308835333516627e-03	-3.155623e+00	-3.155879e+00
9.318600958516627e-03	-3.113816e+00	-3.114078e+00
9.328366583516627e-03	-3.071892e+00	-3.072159e+00
9.338132208516627e-03	-3.029852e+00	-3.030123e+00
9.347897833516626e-03	-2.987698e+00	-2.987973e+00
9.357663458516626e-03	-2.945432e+00	-2.945710e+00
9.367429083516626e-03	-2.903054e+00	-2.903335e+00
9.377194708516626e-03	-2.860568e+00	-2.860851e+00
9.386960333516626e-03	-2.817974e+00	-2.818259e+00
9.396725958516625e-03	-2.775273e+00	-2.775560e+00
9.406491583516625e-03	-2.732469e+00	-2.732757e+00
9.416257208516625e-03	-2.689561e+00	-2.689850e+00
9.426022833516625e-03	-2.646552e+00	-2.646843e+00
9.435788458516624e-03	-2.603443e+00	-2.603735e+00
9.445554083516624e-03	-2.560237e+00	-2.560529e+00
9.455319708516624e-03	-2.516934e+00	-2.517227e+00
9.465085333516624e-03	-2.473536e+00	-2.473830e+00
9.474850958516624e-03	-2.430045e+00	-2.430340e+00
9.484616583516623e-03	-2.386463e+00	-2.386759e+00
9.494382208516623e-03	-2.342791e+00	-2.343087e+00
9.504147833516623e-03	-2.299030e+00	-2.299327e+00
9.513913458516623e-03	-2.255183e+00	-2.255481e+00
9.523679083516623e-03	-2.211251e+00	-2.211550e+00
9.533444708516622e-03	-2.167236e+00	-2.167535e+00
9.543210333516622e-03	-2.123139e+00	-2.123439e+00
9.552975958516622e-03	-2.078963e+00	-2.079262e+00
9.562741583516622e-03	-2.034708e+00	-2.035008e+00
9.572507208516622e-03	-1.990376e+00	-1.990677e+00
9.582272833516621e-03	-1.945970e+00	-1.946271e+00
9.592038458516621e-03	-1.901490e+00	-1.901791e+00
9.601804083516621e-03	-1.856938e+00	-1.857240e+00
9.611569708516621e-03	-1.812317e+00	-1.812619e+00
9.621335333516621e-03	-1.767628e+00	-1.767930e+00
9.631100958516620e-03	-1.722872e+00	-1.723175e+00
9.640866583516620e-03	-1.678051e+00	-1.678354e+00
9.650632208516620e-03	-1.633167e+00	-1.633470e+00
9.660397833516620e-03	-1.588221e+00	-1.588525e+00
9.670163458516619e-03	-1.543216e+00	-1.543520e+00
9.679929083516619e-03	-1.498152e+00	-1.498457e+00
9.689694708516619e-03	-1.453032e+00	-1.453337e+00
9.699460333516619e-03	-1.407858e+00	-1.408163e+00
9.709225958516619e-03	-1.362630e+00	-1.362936e+00
9.718991583516618e-03	-1.317351e+00	-1.317657e+00
9.728757208516618e-03	-1.272023e+00	-1.272329e+00
9.738522833516618e-03	-1.226647e+00	-1.226953e+00
9.748288458516618e-03	-1.181224e+00	-1.181530e+00
9.758054083516618e-03	-1.135757e+00	-1.136063e+00
9.767819708516617e-03	-1.090247e+00	-1.090554e+00
9.777585333516617e-03	-1.044696e+00	-1.045003e+00
9.787350958516617e-03	-9.991061e-01	-9.994134e-01
9.797116583516617e-03	-9.534783e-01	-9.537858e-01
9.806882208516617e-03	-9.078147e-01	-9.081222e-01
9.816647833516616e-03	-8.621168e-01	-8.624246e-01
9.826413458516616e-03	-8.163865e-01	-8.166944e-01
9.836179083516616e-03	-7.706254e-01	-7.709336e-01
9.845944708516616e-03	-7.248353e-01	-7.251437e-01
9.855710333516616e-03	-6.790180e-01	-6.793265e-01
9.865475958516615e-03	-6.331751e-01	-6.334836e-01
9.875241583516615e-03	-5.873083e-01	-5.876170e-01
9.885007208516615e-03	-5.414194e-01	-5.417283e-01
9.894772833516615e-03	-4.955102e-01	-4.958192e-01
9.904538458516614e-03	-4.495822e-01	-4.498914e-01
9.914304083516614e-03	-4.036374e-01	-4.039466e-01
9.924069708516614e-03	-3.576773e-01	-3.579867e-01
9.933835333516614e-03	-3.117038e-01	-3.120133e-01
9.943600958516614e-03	-2.657186e-01	-2.660282e-01
9.953366583516613e-03	-2.197234e-01	-2.200330e-01
9.963132208516613e-03	-1.737198e-01	-1.740296e-01
9.972897833516613e-03	-1.277098e-01	-1.280196e-01
9.982663458516613e-03	-8.169491e-02	-8.200476e-02
9.992429083516613e-03	-3.567697e-02	-3.598687e-02
1.000000000000000e-02	-1.836970e-15	-3.099390e-04
